0 0 100 50 1
0 50 100 50 1
0 100 100 50 1
0 150 100 50 1
0 200 100 50 1
0 250 100 50 1
0 300 100 50 1
0 350 100 50 1
0 400 100 50 1
200 0 100 50 1
400 0 100 50 1
600 0 100 50 1
800 0 100 50 1
200 50 100 50 1
400 50 100 50 1
600 50 100 50 1
800 50 100 50 1
200 100 100 50 1
400 100 100 50 1
600 100 100 50 1
800 100 100 50 1
200 150 100 50 1
400 150 100 50 1
600 150 100 50 1
800 150 100 50 1
200 200 100 50 1
400 200 100 50 1
600 200 100 50 1
800 200 100 50 1
200 250 100 50 1
400 250 100 50 1
600 250 100 50 1
800 250 100 50 1
200 300 100 50 1
400 300 100 50 1
600 300 100 50 1
800 300 100 50 1
200 350 100 50 1
400 350 100 50 1
600 350 100 50 1
800 350 100 50 1
200 400 100 50 1
400 400 100 50 1
600 400 100 50 1
800 400 100 50 1