400 0 100 50 1
300 50 100 50 1
400 50 100 50 1
500 50 100 50 1
200 100 100 50 1
300 100 100 50 1
400 100 100 50 1
500 100 100 50 1
600 100 100 50 1
100 150 100 50 1
200 150 100 50 1
300 150 100 50 1
400 150 100 50 1
500 150 100 50 1
600 150 100 50 1
700 150 100 50 1
0 200 100 50 1
100 200 100 50 1
200 200 100 50 1
300 200 100 50 1
400 200 100 50 1
500 200 100 50 1
600 200 100 50 1
700 200 100 50 1
800 200 100 50 1
100 250 100 50 1
200 250 100 50 1
300 250 100 50 1
400 250 100 50 1
500 250 100 50 1
600 250 100 50 1
700 250 100 50 1
200 300 100 50 1
300 300 100 50 1
400 300 100 50 1
500 300 100 50 1
600 300 100 50 1
300 350 100 50 1
400 350 100 50 1
500 350 100 50 1
400 400 100 50 1