100 0 100 50 1
700 0 100 50 1
0 50 100 50 1
100 50 100 50 1
200 50 100 50 1
600 50 100 50 1
700 50 100 50 1
800 50 100 50 1
100 100 100 50 1
200 100 100 50 1
300 100 100 50 1
500 100 100 50 1
600 100 100 50 1
700 100 100 50 1
200 150 100 50 1
300 150 100 50 1
400 150 100 50 1
500 150 100 50 1
600 150 100 50 1
300 200 100 50 1
500 200 100 50 1
200 250 100 50 1
300 250 100 50 1
400 250 100 50 1
500 250 100 50 1
600 250 100 50 1
100 300 100 50 1
200 300 100 50 1
300 300 100 50 1
500 300 100 50 1
600 300 100 50 1
700 300 100 50 1
0 350 100 50 1
100 350 100 50 1
200 350 100 50 1
600 350 100 50 1
700 350 100 50 1
800 350 100 50 1
100 400 100 50 1
700 400 100 50 1